 <pre>

 Contingency table for Cloud cover (octas)
 Selection: ALL    592 stations
Period: 20190817-20190823
Used {00,12} + 01 02 ... 24
 Limits   0.500000000       1.50000000       2.50000000       3.50000000       4.50000000       5.50000000       6.50000000       7.50000000    
 Each class is data <= limit, the very last > last limit
 Total number of values      182098
                                                       OBSERVATION
                                  22124     6003     5403     3291     1934     2392     2300     2642     1968 |     48057
                                   2624     1098     1140      947      635      860      970     1345     1011 |     10630
                                   1457      629      596      574      398      572      645      896      684 |      6451
                                   1127      471      464      456      323      435      529      862      599 |      5266
                          Ref1     1055      504      475      484      357      441      555      855      680 |      5406
                                   1047      466      440      473      348      461      584      921      682 |      5422
                                   1202      569      507      544      379      579      724     1187      965 |      6656
                                   1648      772      723      825      577      828     1231     2269     1817 |     10690
                                   5874     3043     2537     3098     2197     4644     6539    22622    32966 |     83520

                    SUM           38158    13555    12285    10692     7148    11212    14077    33599    41372 |    182098
                                                       OBSERVATION
                                  22112     5967     5431     3246     1905     2442     2260     2609     1987 |     47959
                                   2649     1130     1100      947      605      870      960     1389     1026 |     10676
                                   1438      605      600      594      407      537      674      959      667 |      6481
                                   1098      484      470      447      313      464      544      857      635 |      5312
                          Ref2     1080      492      473      488      369      453      539      860      664 |      5418
                                    974      482      440      478      345      440      587      925      676 |      5347
                                   1216      551      498      525      396      536      720     1261      972 |      6675
                                   1746      801      728      837      609      874     1221     2136     1827 |     10779
                                   5845     3043     2545     3130     2199     4596     6572    22603    32918 |     83451

                    SUM           38158    13555    12285    10692     7148    11212    14077    33599    41372 |    182098
                                                       OBSERVATION
                                  22075     6034     5453     3239     1884     2422     2345     2623     1960 |     48035
                                   2690     1102     1110      983      641      890      948     1424     1086 |     10874
                                   1437      590      595      598      429      589      629      957      700 |      6524
                                   1064      497      473      459      322      479      536      817      599 |      5246
                          Exp1     1049      463      484      464      344      402      539      875      651 |      5271
                                   1045      481      444      470      342      443      576      942      718 |      5461
                                   1245      576      480      559      376      551      772     1280      960 |      6799
                                   1723      814      720      830      591      922     1207     2173     1854 |     10834
                                   5830     2998     2526     3090     2219     4514     6525    22508    32844 |     83054

                    SUM           38158    13555    12285    10692     7148    11212    14077    33599    41372 |    182098
                                                       OBSERVATION
                                  22023     5924     5464     3204     1869     2395     2270     2566     1906 |     47621
                                   2723     1181     1077      955      610      900      974     1376     1082 |     10878
                                   1456      612      588      603      449      541      654      974      685 |      6562
                                   1023      483      481      457      310      488      530      858      602 |      5232
                          Exp3     1044      483      465      460      362      419      557      853      668 |      5311
                                   1040      469      446      456      321      471      583      964      691 |      5441
                                   1204      584      471      558      398      559      710     1156      967 |      6607
                                   1700      800      766      813      577      861     1210     2262     1804 |     10793
                                   5945     3019     2527     3186     2252     4578     6589    22590    32967 |     83653

                    SUM           38158    13555    12285    10692     7148    11212    14077    33599    41372 |    182098
                                                       OBSERVATION
                                  22085     5954     5459     3294     1836     2398     2270     2600     1931 |     47827
                                   2711     1166     1091      908      651      880      985     1418     1028 |     10838
                                   1425      631      601      592      413      547      612      935      715 |      6471
                                   1081      476      483      492      332      460      535      849      620 |      5328
                          Exp4     1059      493      467      446      362      432      551      861      691 |      5362
                                   1039      441      431      483      348      477      597      949      723 |      5488
                                   1212      567      495      544      403      535      759     1209      921 |      6645
                                   1674      828      722      791      561      882     1178     2234     1887 |     10757
                                   5872     2999     2536     3142     2242     4601     6590    22544    32856 |     83382

                    SUM           38158    13555    12285    10692     7148    11212    14077    33599    41372 |    182098
                                                       OBSERVATION
                                  22136     5999     5454     3252     1904     2394     2307     2657     1943 |     48046
                                   2714     1134     1156      938      625      909      978     1385     1071 |     10910
                                   1424      560      571      583      420      543      650      907      706 |      6364
                                   1078      494      497      499      329      469      548      850      619 |      5383
                          Exp6     1007      496      470      497      345      418      532      894      650 |      5309
                                   1020      463      452      466      320      430      578      929      697 |      5355
                                   1220      597      480      547      398      564      762     1179      937 |      6684
                                   1715      789      712      791      571      868     1146     2255     1887 |     10734
                                   5844     3023     2493     3119     2236     4617     6576    22543    32862 |     83313

                    SUM           38158    13555    12285    10692     7148    11212    14077    33599    41372 |    182098

